Hello World
The initial mesh is:
       0 0.666667  1.33333        2  2.66667  3.33333        4  4.66667  5.33333        6
The negative interface locations are:
       0 0.333333        1  1.66667  2.33333        3  3.66667  4.33333        5  5.66667
The positive interface locations are:
0.333333        1  1.66667  2.33333        3  3.66667  4.33333        5  5.66667        6
The seeding values (IC) for the algorithm are:
       0 0.555556  1.11111  1.66667  2.22222  2.77778  3.33333  3.88889  4.44444        5
       0 0.111111 0.222222 0.333333 0.444444 0.555556 0.666667 0.777778 0.888889        1
       0 0.111111 0.222222 0.333333 0.444444 0.555556 0.666667 0.777778 0.888889        1
Perturbation Vector = 
      1e-06
      1e-06
      1e-06
0.000556556
0.000112111
0.000112111
 0.00111211
0.000223222
0.000223222
 0.00166767
0.000334333
0.000334333
 0.00222322
0.000445444
0.000445444
 0.00277878
0.000556556
0.000556556
 0.00333433
0.000667667
0.000667667
 0.00388989
0.000778778
0.000778778
 0.00444544
0.000889889
0.000889889
   0.005001
   0.001001
   0.001001
ith colm = 1
tempSV(i) = 
   1e-06
       0
       0
0.555556
0.111111
0.111111
 1.11111
0.222222
0.222222
 1.66667
0.333333
0.333333
 2.22222
0.444444
0.444444
 2.77778
0.555556
0.555556
 3.33333
0.666667
0.666667
 3.88889
0.777778
0.777778
 4.44444
0.888889
0.888889
       5
       1
       1
Res(SV_i) = 
     1e-06
         0
         0
  0.722221
 0.0925926
 0.0657407
  0.611111
  0.185185
  0.131481
       0.5
  0.277778
  0.197222
  0.388889
   0.37037
  0.262963
  0.277778
  0.462963
  0.328704
  0.166667
  0.555556
  0.394444
 0.0555556
  0.648148
  0.460185
-0.0555556
  0.740741
  0.525926
 -0.166667
         0
         0
Jac(:,i) = 
   1
   0
   0
-1.5
   0
   0
   0
   0
   0
   0
   0
   0
   0
   0
   0
   0
   0
   0
   0
   0
   0
   0
   0
   0
   0
   0
   0
   0
   0
   0
ith colm = 2
tempSV(i) = 
       0
   1e-06
       0
0.555556
0.111111
0.111111
 1.11111
0.222222
0.222222
 1.66667
0.333333
0.333333
 2.22222
0.444444
0.444444
 2.77778
0.555556
0.555556
 3.33333
0.666667
0.666667
 3.88889
0.777778
0.777778
 4.44444
0.888889
0.888889
       5
       1
       1
Res(SV_i) = 
         0
     1e-06
         0
  0.722222
 0.0925963
 0.0657407
  0.611111
  0.185185
  0.131481
       0.5
  0.277778
  0.197222
  0.388889
   0.37037
  0.262963
  0.277778
  0.462963
  0.328704
  0.166667
  0.555556
  0.394444
 0.0555556
  0.648148
  0.460185
-0.0555556
  0.740741
  0.525926
 -0.166667
         0
         0
Jac(:,i) = 
      0
      1
      0
      0
3.66667
      0
      0
      0
      0
      0
      0
      0
      0
      0
      0
      0
      0
      0
      0
      0
      0
      0
      0
      0
      0
      0
      0
      0
      0
      0
ith colm = 3
tempSV(i) = 
       0
       0
   1e-06
0.555556
0.111111
0.111111
 1.11111
0.222222
0.222222
 1.66667
0.333333
0.333333
 2.22222
0.444444
0.444444
 2.77778
0.555556
0.555556
 3.33333
0.666667
0.666667
 3.88889
0.777778
0.777778
 4.44444
0.888889
0.888889
       5
       1
       1
Res(SV_i) = 
         0
         0
     1e-06
  0.722222
 0.0925926
 0.0657452
  0.611111
  0.185185
  0.131481
       0.5
  0.277778
  0.197222
  0.388889
   0.37037
  0.262963
  0.277778
  0.462963
  0.328704
  0.166667
  0.555556
  0.394444
 0.0555556
  0.648148
  0.460185
-0.0555556
  0.740741
  0.525926
 -0.166667
         0
         0
Jac(:,i) = 
  0
  0
  1
  0
  0
4.5
  0
  0
  0
  0
  0
  0
  0
  0
  0
  0
  0
  0
  0
  0
  0
  0
  0
  0
  0
  0
  0
  0
  0
  0
ith colm = 4
tempSV(i) = 
       0
       0
       0
0.556112
0.111111
0.111111
 1.11111
0.222222
0.222222
 1.66667
0.333333
0.333333
 2.22222
0.444444
0.444444
 2.77778
0.555556
0.555556
 3.33333
0.666667
0.666667
 3.88889
0.777778
0.777778
 4.44444
0.888889
0.888889
       5
       1
       1
Res(SV_i) = 
         0
         0
         0
  0.723057
 0.0926854
 0.0658066
  0.610276
  0.185185
  0.131481
       0.5
  0.277778
  0.197222
  0.388889
   0.37037
  0.262963
  0.277778
  0.462963
  0.328704
  0.166667
  0.555556
  0.394444
 0.0555556
  0.648148
  0.460185
-0.0555556
  0.740741
  0.525926
 -0.166667
         0
         0
Jac(:,i) = 
       0
       0
       0
     1.5
0.166667
0.118333
    -1.5
       0
       0
       0
       0
       0
       0
       0
       0
       0
       0
       0
       0
       0
       0
       0
       0
       0
       0
       0
       0
       0
       0
       0
ith colm = 5
tempSV(i) = 
       0
       0
       0
0.555556
0.111223
0.111111
 1.11111
0.222222
0.222222
 1.66667
0.333333
0.333333
 2.22222
0.444444
0.444444
 2.77778
0.555556
0.555556
 3.33333
0.666667
0.666667
 3.88889
0.777778
0.777778
 4.44444
0.888889
0.888889
       5
       1
       1
Res(SV_i) = 
         0
         0
         0
   0.72211
  0.091677
 0.0657407
  0.611111
  0.185503
  0.131481
       0.5
  0.277778
  0.197222
  0.388889
   0.37037
  0.262963
  0.277778
  0.462963
  0.328704
  0.166667
  0.555556
  0.394444
 0.0555556
  0.648148
  0.460185
-0.0555556
  0.740741
  0.525926
 -0.166667
         0
         0
Jac(:,i) = 
       0
       0
       0
      -1
-8.16667
       0
       0
 2.83333
       0
       0
       0
       0
       0
       0
       0
       0
       0
       0
       0
       0
       0
       0
       0
       0
       0
       0
       0
       0
       0
       0
ith colm = 6
tempSV(i) = 
       0
       0
       0
0.555556
0.111111
0.111223
 1.11111
0.222222
0.222222
 1.66667
0.333333
0.333333
 2.22222
0.444444
0.444444
 2.77778
0.555556
0.555556
 3.33333
0.666667
0.666667
 3.88889
0.777778
0.777778
 4.44444
0.888889
0.888889
       5
       1
       1
Res(SV_i) = 
         0
         0
         0
  0.722222
 0.0925926
 0.0646654
  0.611111
  0.185185
  0.131986
       0.5
  0.277778
  0.197222
  0.388889
   0.37037
  0.262963
  0.277778
  0.462963
  0.328704
  0.166667
  0.555556
  0.394444
 0.0555556
  0.648148
  0.460185
-0.0555556
  0.740741
  0.525926
 -0.166667
         0
         0
Jac(:,i) = 
       0
       0
       0
       0
       0
-9.59167
       0
       0
     4.5
       0
       0
       0
       0
       0
       0
       0
       0
       0
       0
       0
       0
       0
       0
       0
       0
       0
       0
       0
       0
       0
ith colm = 7
tempSV(i) = 
       0
       0
       0
0.555556
0.111111
0.111111
 1.11222
0.222222
0.222222
 1.66667
0.333333
0.333333
 2.22222
0.444444
0.444444
 2.77778
0.555556
0.555556
 3.33333
0.666667
0.666667
 3.88889
0.777778
0.777778
 4.44444
0.888889
0.888889
       5
       1
       1
Res(SV_i) = 
         0
         0
         0
  0.722222
 0.0925926
 0.0657407
  0.612779
  0.185371
  0.131613
  0.498332
  0.277778
  0.197222
  0.388889
   0.37037
  0.262963
  0.277778
  0.462963
  0.328704
  0.166667
  0.555556
  0.394444
 0.0555556
  0.648148
  0.460185
-0.0555556
  0.740741
  0.525926
 -0.166667
         0
         0
Jac(:,i) = 
       0
       0
       0
       0
       0
       0
     1.5
0.166667
0.118333
    -1.5
       0
       0
       0
       0
       0
       0
       0
       0
       0
       0
       0
       0
       0
       0
       0
       0
       0
       0
       0
       0
ith colm = 8
tempSV(i) = 
       0
       0
       0
0.555556
0.111111
0.111111
 1.11111
0.222445
0.222222
 1.66667
0.333333
0.333333
 2.22222
0.444444
0.444444
 2.77778
0.555556
0.555556
 3.33333
0.666667
0.666667
 3.88889
0.777778
0.777778
 4.44444
0.888889
0.888889
       5
       1
       1
Res(SV_i) = 
         0
         0
         0
  0.722222
 0.0935971
 0.0657407
  0.610888
  0.183548
  0.131481
       0.5
  0.278224
  0.197222
  0.388889
   0.37037
  0.262963
  0.277778
  0.462963
  0.328704
  0.166667
  0.555556
  0.394444
 0.0555556
  0.648148
  0.460185
-0.0555556
  0.740741
  0.525926
 -0.166667
         0
         0
Jac(:,i) = 
       0
       0
       0
       0
     4.5
       0
      -1
-7.33333
       0
       0
       2
       0
       0
       0
       0
       0
       0
       0
       0
       0
       0
       0
       0
       0
       0
       0
       0
       0
       0
       0
ith colm = 9
tempSV(i) = 
       0
       0
       0
0.555556
0.111111
0.111111
 1.11111
0.222222
0.222445
 1.66667
0.333333
0.333333
 2.22222
0.444444
0.444444
 2.77778
0.555556
0.555556
 3.33333
0.666667
0.666667
 3.88889
0.777778
0.777778
 4.44444
0.888889
0.888889
       5
       1
       1
Res(SV_i) = 
         0
         0
         0
  0.722222
 0.0925926
 0.0668773
  0.611111
  0.185185
  0.129208
       0.5
  0.277778
  0.198227
  0.388889
   0.37037
  0.262963
  0.277778
  0.462963
  0.328704
  0.166667
  0.555556
  0.394444
 0.0555556
  0.648148
  0.460185
-0.0555556
  0.740741
  0.525926
 -0.166667
         0
         0
Jac(:,i) = 
       0
       0
       0
       0
       0
 5.09167
       0
       0
-10.1833
       0
       0
     4.5
       0
       0
       0
       0
       0
       0
       0
       0
       0
       0
       0
       0
       0
       0
       0
       0
       0
       0
ith colm = 10
tempSV(i) = 
       0
       0
       0
0.555556
0.111111
0.111111
 1.11111
0.222222
0.222222
 1.66833
0.333333
0.333333
 2.22222
0.444444
0.444444
 2.77778
0.555556
0.555556
 3.33333
0.666667
0.666667
 3.88889
0.777778
0.777778
 4.44444
0.888889
0.888889
       5
       1
       1
Res(SV_i) = 
         0
         0
         0
  0.722222
 0.0925926
 0.0657407
  0.611111
  0.185185
  0.131481
  0.502501
  0.278056
   0.19742
  0.386387
   0.37037
  0.262963
  0.277778
  0.462963
  0.328704
  0.166667
  0.555556
  0.394444
 0.0555556
  0.648148
  0.460185
-0.0555556
  0.740741
  0.525926
 -0.166667
         0
         0
Jac(:,i) = 
       0
       0
       0
       0
       0
       0
       0
       0
       0
     1.5
0.166667
0.118333
    -1.5
       0
       0
       0
       0
       0
       0
       0
       0
       0
       0
       0
       0
       0
       0
       0
       0
       0
ith colm = 11
tempSV(i) = 
       0
       0
       0
0.555556
0.111111
0.111111
 1.11111
0.222222
0.222222
 1.66667
0.333668
0.333333
 2.22222
0.444444
0.444444
 2.77778
0.555556
0.555556
 3.33333
0.666667
0.666667
 3.88889
0.777778
0.777778
 4.44444
0.888889
0.888889
       5
       1
       1
Res(SV_i) = 
         0
         0
         0
  0.722222
 0.0925926
 0.0657407
  0.611111
   0.18669
  0.131481
  0.499666
  0.275605
  0.197222
  0.388889
   0.37076
  0.262963
  0.277778
  0.462963
  0.328704
  0.166667
  0.555556
  0.394444
 0.0555556
  0.648148
  0.460185
-0.0555556
  0.740741
  0.525926
 -0.166667
         0
         0
Jac(:,i) = 
      0
      0
      0
      0
      0
      0
      0
    4.5
      0
     -1
   -6.5
      0
      0
1.16667
      0
      0
      0
      0
      0
      0
      0
      0
      0
      0
      0
      0
      0
      0
      0
      0
ith colm = 12
tempSV(i) = 
       0
       0
       0
0.555556
0.111111
0.111111
 1.11111
0.222222
0.222222
 1.66667
0.333333
0.333668
 2.22222
0.444444
0.444444
 2.77778
0.555556
0.555556
 3.33333
0.666667
0.666667
 3.88889
0.777778
0.777778
 4.44444
0.888889
0.888889
       5
       1
       1
Res(SV_i) = 
         0
         0
         0
  0.722222
 0.0925926
 0.0657407
  0.611111
  0.185185
  0.133382
       0.5
  0.277778
   0.19362
  0.388889
   0.37037
  0.264467
  0.277778
  0.462963
  0.328704
  0.166667
  0.555556
  0.394444
 0.0555556
  0.648148
  0.460185
-0.0555556
  0.740741
  0.525926
 -0.166667
         0
         0
Jac(:,i) = 
      0
      0
      0
      0
      0
      0
      0
      0
5.68333
      0
      0
-10.775
      0
      0
    4.5
      0
      0
      0
      0
      0
      0
      0
      0
      0
      0
      0
      0
      0
      0
      0
ith colm = 13
tempSV(i) = 
       0
       0
       0
0.555556
0.111111
0.111111
 1.11111
0.222222
0.222222
 1.66667
0.333333
0.333333
 2.22445
0.444444
0.444444
 2.77778
0.555556
0.555556
 3.33333
0.666667
0.666667
 3.88889
0.777778
0.777778
 4.44444
0.888889
0.888889
       5
       1
       1
Res(SV_i) = 
         0
         0
         0
  0.722222
 0.0925926
 0.0657407
  0.611111
  0.185185
  0.131481
       0.5
  0.277778
  0.197222
  0.392224
  0.370741
  0.263226
  0.274443
  0.462963
  0.328704
  0.166667
  0.555556
  0.394444
 0.0555556
  0.648148
  0.460185
-0.0555556
  0.740741
  0.525926
 -0.166667
         0
         0
Jac(:,i) = 
       0
       0
       0
       0
       0
       0
       0
       0
       0
       0
       0
       0
     1.5
0.166667
0.118333
    -1.5
       0
       0
       0
       0
       0
       0
       0
       0
       0
       0
       0
       0
       0
       0
ith colm = 14
tempSV(i) = 
       0
       0
       0
0.555556
0.111111
0.111111
 1.11111
0.222222
0.222222
 1.66667
0.333333
0.333333
 2.22222
 0.44489
0.444444
 2.77778
0.555556
0.555556
 3.33333
0.666667
0.666667
 3.88889
0.777778
0.777778
 4.44444
0.888889
0.888889
       5
       1
       1
Res(SV_i) = 
         0
         0
         0
  0.722222
 0.0925926
 0.0657407
  0.611111
  0.185185
  0.131481
       0.5
  0.279782
  0.197222
  0.388443
  0.367846
  0.262963
  0.277778
  0.463111
  0.328704
  0.166667
  0.555556
  0.394444
 0.0555556
  0.648148
  0.460185
-0.0555556
  0.740741
  0.525926
 -0.166667
         0
         0
Jac(:,i) = 
       0
       0
       0
       0
       0
       0
       0
       0
       0
       0
     4.5
       0
      -1
-5.66667
       0
       0
0.333333
       0
       0
       0
       0
       0
       0
       0
       0
       0
       0
       0
       0
       0
ith colm = 15
tempSV(i) = 
       0
       0
       0
0.555556
0.111111
0.111111
 1.11111
0.222222
0.222222
 1.66667
0.333333
0.333333
 2.22222
0.444444
 0.44489
 2.77778
0.555556
0.555556
 3.33333
0.666667
0.666667
 3.88889
0.777778
0.777778
 4.44444
0.888889
0.888889
       5
       1
       1
Res(SV_i) = 
         0
         0
         0
  0.722222
 0.0925926
 0.0657407
  0.611111
  0.185185
  0.131481
       0.5
  0.277778
  0.200017
  0.388889
   0.37037
    0.2579
  0.277778
  0.462963
  0.330708
  0.166667
  0.555556
  0.394444
 0.0555556
  0.648148
  0.460185
-0.0555556
  0.740741
  0.525926
 -0.166667
         0
         0
Jac(:,i) = 
       0
       0
       0
       0
       0
       0
       0
       0
       0
       0
       0
   6.275
       0
       0
-11.3667
       0
       0
     4.5
       0
       0
       0
       0
       0
       0
       0
       0
       0
       0
       0
       0
ith colm = 16
tempSV(i) = 
       0
       0
       0
0.555556
0.111111
0.111111
 1.11111
0.222222
0.222222
 1.66667
0.333333
0.333333
 2.22222
0.444444
0.444444
 2.78056
0.555556
0.555556
 3.33333
0.666667
0.666667
 3.88889
0.777778
0.777778
 4.44444
0.888889
0.888889
       5
       1
       1
Res(SV_i) = 
         0
         0
         0
  0.722222
 0.0925926
 0.0657407
  0.611111
  0.185185
  0.131481
       0.5
  0.277778
  0.197222
  0.388889
   0.37037
  0.262963
  0.281946
  0.463426
  0.329033
  0.162498
  0.555556
  0.394444
 0.0555556
  0.648148
  0.460185
-0.0555556
  0.740741
  0.525926
 -0.166667
         0
         0
Jac(:,i) = 
       0
       0
       0
       0
       0
       0
       0
       0
       0
       0
       0
       0
       0
       0
       0
     1.5
0.166667
0.118333
    -1.5
       0
       0
       0
       0
       0
       0
       0
       0
       0
       0
       0
ith colm = 17
tempSV(i) = 
       0
       0
       0
0.555556
0.111111
0.111111
 1.11111
0.222222
0.222222
 1.66667
0.333333
0.333333
 2.22222
0.444444
0.444444
 2.77778
0.556112
0.555556
 3.33333
0.666667
0.666667
 3.88889
0.777778
0.777778
 4.44444
0.888889
0.888889
       5
       1
       1
Res(SV_i) = 
         0
         0
         0
  0.722222
 0.0925926
 0.0657407
  0.611111
  0.185185
  0.131481
       0.5
  0.277778
  0.197222
  0.388889
  0.372875
  0.262963
  0.277221
  0.460273
  0.328704
  0.166667
  0.555277
  0.394444
 0.0555556
  0.648148
  0.460185
-0.0555556
  0.740741
  0.525926
 -0.166667
         0
         0
Jac(:,i) = 
       0
       0
       0
       0
       0
       0
       0
       0
       0
       0
       0
       0
       0
     4.5
       0
      -1
-4.83333
       0
       0
    -0.5
       0
       0
       0
       0
       0
       0
       0
       0
       0
       0
ith colm = 18
tempSV(i) = 
       0
       0
       0
0.555556
0.111111
0.111111
 1.11111
0.222222
0.222222
 1.66667
0.333333
0.333333
 2.22222
0.444444
0.444444
 2.77778
0.555556
0.556112
 3.33333
0.666667
0.666667
 3.88889
0.777778
0.777778
 4.44444
0.888889
0.888889
       5
       1
       1
Res(SV_i) = 
         0
         0
         0
  0.722222
 0.0925926
 0.0657407
  0.611111
  0.185185
  0.131481
       0.5
  0.277778
  0.197222
  0.388889
   0.37037
  0.266785
  0.277778
  0.462963
  0.322048
  0.166667
  0.555556
  0.396949
 0.0555556
  0.648148
  0.460185
-0.0555556
  0.740741
  0.525926
 -0.166667
         0
         0
Jac(:,i) = 
       0
       0
       0
       0
       0
       0
       0
       0
       0
       0
       0
       0
       0
       0
 6.86667
       0
       0
-11.9583
       0
       0
     4.5
       0
       0
       0
       0
       0
       0
       0
       0
       0
ith colm = 19
tempSV(i) = 
       0
       0
       0
0.555556
0.111111
0.111111
 1.11111
0.222222
0.222222
 1.66667
0.333333
0.333333
 2.22222
0.444444
0.444444
 2.77778
0.555556
0.555556
 3.33667
0.666667
0.666667
 3.88889
0.777778
0.777778
 4.44444
0.888889
0.888889
       5
       1
       1
Res(SV_i) = 
         0
         0
         0
  0.722222
 0.0925926
 0.0657407
  0.611111
  0.185185
  0.131481
       0.5
  0.277778
  0.197222
  0.388889
   0.37037
  0.262963
  0.277778
  0.462963
  0.328704
  0.171668
  0.556111
  0.394839
 0.0505541
  0.648148
  0.460185
-0.0555556
  0.740741
  0.525926
 -0.166667
         0
         0
Jac(:,i) = 
       0
       0
       0
       0
       0
       0
       0
       0
       0
       0
       0
       0
       0
       0
       0
       0
       0
       0
     1.5
0.166667
0.118333
    -1.5
       0
       0
       0
       0
       0
       0
       0
       0
ith colm = 20
tempSV(i) = 
       0
       0
       0
0.555556
0.111111
0.111111
 1.11111
0.222222
0.222222
 1.66667
0.333333
0.333333
 2.22222
0.444444
0.444444
 2.77778
0.555556
0.555556
 3.33333
0.667334
0.666667
 3.88889
0.777778
0.777778
 4.44444
0.888889
0.888889
       5
       1
       1
Res(SV_i) = 
         0
         0
         0
  0.722222
 0.0925926
 0.0657407
  0.611111
  0.185185
  0.131481
       0.5
  0.277778
  0.197222
  0.388889
   0.37037
  0.262963
  0.277778
  0.465967
  0.328704
  0.165999
  0.552885
  0.394444
 0.0555556
  0.647258
  0.460185
-0.0555556
  0.740741
  0.525926
 -0.166667
         0
         0
Jac(:,i) = 
       0
       0
       0
       0
       0
       0
       0
       0
       0
       0
       0
       0
       0
       0
       0
       0
     4.5
       0
      -1
      -4
       0
       0
-1.33333
       0
       0
       0
       0
       0
       0
       0
ith colm = 21
tempSV(i) = 
       0
       0
       0
0.555556
0.111111
0.111111
 1.11111
0.222222
0.222222
 1.66667
0.333333
0.333333
 2.22222
0.444444
0.444444
 2.77778
0.555556
0.555556
 3.33333
0.666667
0.667334
 3.88889
0.777778
0.777778
 4.44444
0.888889
0.888889
       5
       1
       1
Res(SV_i) = 
         0
         0
         0
  0.722222
 0.0925926
 0.0657407
  0.611111
  0.185185
  0.131481
       0.5
  0.277778
  0.197222
  0.388889
   0.37037
  0.262963
  0.277778
  0.462963
  0.333683
  0.166667
  0.555556
  0.386065
 0.0555556
  0.648148
   0.46319
-0.0555556
  0.740741
  0.525926
 -0.166667
         0
         0
Jac(:,i) = 
      0
      0
      0
      0
      0
      0
      0
      0
      0
      0
      0
      0
      0
      0
      0
      0
      0
7.45833
      0
      0
 -12.55
      0
      0
    4.5
      0
      0
      0
      0
      0
      0
ith colm = 22
tempSV(i) = 
       0
       0
       0
0.555556
0.111111
0.111111
 1.11111
0.222222
0.222222
 1.66667
0.333333
0.333333
 2.22222
0.444444
0.444444
 2.77778
0.555556
0.555556
 3.33333
0.666667
0.666667
 3.89278
0.777778
0.777778
 4.44444
0.888889
0.888889
       5
       1
       1
Res(SV_i) = 
         0
         0
         0
  0.722222
 0.0925926
 0.0657407
  0.611111
  0.185185
  0.131481
       0.5
  0.277778
  0.197222
  0.388889
   0.37037
  0.262963
  0.277778
  0.462963
  0.328704
  0.166667
  0.555556
  0.394444
 0.0613904
  0.648796
  0.460645
-0.0613904
  0.740741
  0.525926
 -0.166667
         0
         0
Jac(:,i) = 
       0
       0
       0
       0
       0
       0
       0
       0
       0
       0
       0
       0
       0
       0
       0
       0
       0
       0
       0
       0
       0
     1.5
0.166667
0.118333
    -1.5
       0
       0
       0
       0
       0
ith colm = 23
tempSV(i) = 
       0
       0
       0
0.555556
0.111111
0.111111
 1.11111
0.222222
0.222222
 1.66667
0.333333
0.333333
 2.22222
0.444444
0.444444
 2.77778
0.555556
0.555556
 3.33333
0.666667
0.666667
 3.88889
0.778557
0.777778
 4.44444
0.888889
0.888889
       5
       1
       1
Res(SV_i) = 
         0
         0
         0
  0.722222
 0.0925926
 0.0657407
  0.611111
  0.185185
  0.131481
       0.5
  0.277778
  0.197222
  0.388889
   0.37037
  0.262963
  0.277778
  0.462963
  0.328704
  0.166667
   0.55906
  0.394444
 0.0547768
  0.645682
  0.460185
-0.0555556
  0.739053
  0.525926
 -0.166667
         0
         0
Jac(:,i) = 
       0
       0
       0
       0
       0
       0
       0
       0
       0
       0
       0
       0
       0
       0
       0
       0
       0
       0
       0
     4.5
       0
      -1
-3.16667
       0
       0
-2.16667
       0
       0
       0
       0
ith colm = 24
tempSV(i) = 
       0
       0
       0
0.555556
0.111111
0.111111
 1.11111
0.222222
0.222222
 1.66667
0.333333
0.333333
 2.22222
0.444444
0.444444
 2.77778
0.555556
0.555556
 3.33333
0.666667
0.666667
 3.88889
0.777778
0.778557
 4.44444
0.888889
0.888889
       5
       1
       1
Res(SV_i) = 
         0
         0
         0
  0.722222
 0.0925926
 0.0657407
  0.611111
  0.185185
  0.131481
       0.5
  0.277778
  0.197222
  0.388889
   0.37037
  0.262963
  0.277778
  0.462963
  0.328704
  0.166667
  0.555556
  0.400714
 0.0555556
  0.648148
  0.449951
-0.0555556
  0.740741
   0.52943
 -0.166667
         0
         0
Jac(:,i) = 
       0
       0
       0
       0
       0
       0
       0
       0
       0
       0
       0
       0
       0
       0
       0
       0
       0
       0
       0
       0
    8.05
       0
       0
-13.1417
       0
       0
     4.5
       0
       0
       0
ith colm = 25
tempSV(i) = 
       0
       0
       0
0.555556
0.111111
0.111111
 1.11111
0.222222
0.222222
 1.66667
0.333333
0.333333
 2.22222
0.444444
0.444444
 2.77778
0.555556
0.555556
 3.33333
0.666667
0.666667
 3.88889
0.777778
0.777778
 4.44889
0.888889
0.888889
       5
       1
       1
Res(SV_i) = 
         0
         0
         0
  0.722222
 0.0925926
 0.0657407
  0.611111
  0.185185
  0.131481
       0.5
  0.277778
  0.197222
  0.388889
   0.37037
  0.262963
  0.277778
  0.462963
  0.328704
  0.166667
  0.555556
  0.394444
 0.0555556
  0.648148
  0.460185
-0.0488874
  0.741482
  0.526452
 -0.173335
         0
         0
Jac(:,i) = 
       0
       0
       0
       0
       0
       0
       0
       0
       0
       0
       0
       0
       0
       0
       0
       0
       0
       0
       0
       0
       0
       0
       0
       0
     1.5
0.166667
0.118333
    -1.5
       0
       0
ith colm = 26
tempSV(i) = 
       0
       0
       0
0.555556
0.111111
0.111111
 1.11111
0.222222
0.222222
 1.66667
0.333333
0.333333
 2.22222
0.444444
0.444444
 2.77778
0.555556
0.555556
 3.33333
0.666667
0.666667
 3.88889
0.777778
0.777778
 4.44444
0.889779
0.888889
       5
       1
       1
Res(SV_i) = 
         0
         0
         0
  0.722222
 0.0925926
 0.0657407
  0.611111
  0.185185
  0.131481
       0.5
  0.277778
  0.197222
  0.388889
   0.37037
  0.262963
  0.277778
  0.462963
  0.328704
  0.166667
  0.555556
  0.394444
 0.0555556
  0.652153
  0.460185
-0.0564454
  0.738664
  0.525926
 -0.166667
         0
         0
Jac(:,i) = 
       0
       0
       0
       0
       0
       0
       0
       0
       0
       0
       0
       0
       0
       0
       0
       0
       0
       0
       0
       0
       0
       0
     4.5
       0
      -1
-2.33333
       0
       0
       0
       0
ith colm = 27
tempSV(i) = 
       0
       0
       0
0.555556
0.111111
0.111111
 1.11111
0.222222
0.222222
 1.66667
0.333333
0.333333
 2.22222
0.444444
0.444444
 2.77778
0.555556
0.555556
 3.33333
0.666667
0.666667
 3.88889
0.777778
0.777778
 4.44444
0.888889
0.889779
       5
       1
       1
Res(SV_i) = 
         0
         0
         0
  0.722222
 0.0925926
 0.0657407
  0.611111
  0.185185
  0.131481
       0.5
  0.277778
  0.197222
  0.388889
   0.37037
  0.262963
  0.277778
  0.462963
  0.328704
  0.166667
  0.555556
  0.394444
 0.0555556
  0.648148
  0.467875
-0.0555556
  0.740741
  0.513705
 -0.166667
         0
         0
Jac(:,i) = 
       0
       0
       0
       0
       0
       0
       0
       0
       0
       0
       0
       0
       0
       0
       0
       0
       0
       0
       0
       0
       0
       0
       0
 8.64167
       0
       0
-13.7333
       0
       0
       0
ith colm = 28
tempSV(i) = 
       0
       0
       0
0.555556
0.111111
0.111111
 1.11111
0.222222
0.222222
 1.66667
0.333333
0.333333
 2.22222
0.444444
0.444444
 2.77778
0.555556
0.555556
 3.33333
0.666667
0.666667
 3.88889
0.777778
0.777778
 4.44444
0.888889
0.888889
   5.005
       1
       1
Res(SV_i) = 
         0
         0
         0
  0.722222
 0.0925926
 0.0657407
  0.611111
  0.185185
  0.131481
       0.5
  0.277778
  0.197222
  0.388889
   0.37037
  0.262963
  0.277778
  0.462963
  0.328704
  0.166667
  0.555556
  0.394444
 0.0555556
  0.648148
  0.460185
-0.0555556
  0.740741
  0.525926
 -0.159165
         0
         0
Jac(:,i) = 
  0
  0
  0
  0
  0
  0
  0
  0
  0
  0
  0
  0
  0
  0
  0
  0
  0
  0
  0
  0
  0
  0
  0
  0
  0
  0
  0
1.5
  0
  0
ith colm = 29
tempSV(i) = 
       0
       0
       0
0.555556
0.111111
0.111111
 1.11111
0.222222
0.222222
 1.66667
0.333333
0.333333
 2.22222
0.444444
0.444444
 2.77778
0.555556
0.555556
 3.33333
0.666667
0.666667
 3.88889
0.777778
0.777778
 4.44444
0.888889
0.888889
       5
   1.001
       1
Res(SV_i) = 
         0
         0
         0
  0.722222
 0.0925926
 0.0657407
  0.611111
  0.185185
  0.131481
       0.5
  0.277778
  0.197222
  0.388889
   0.37037
  0.262963
  0.277778
  0.462963
  0.328704
  0.166667
  0.555556
  0.394444
 0.0555556
  0.648148
  0.460185
-0.0555556
  0.745245
  0.525926
 -0.167668
  0.001001
         0
Jac(:,i) = 
  0
  0
  0
  0
  0
  0
  0
  0
  0
  0
  0
  0
  0
  0
  0
  0
  0
  0
  0
  0
  0
  0
  0
  0
  0
4.5
  0
 -1
  1
  0
ith colm = 30
tempSV(i) = 
       0
       0
       0
0.555556
0.111111
0.111111
 1.11111
0.222222
0.222222
 1.66667
0.333333
0.333333
 2.22222
0.444444
0.444444
 2.77778
0.555556
0.555556
 3.33333
0.666667
0.666667
 3.88889
0.777778
0.777778
 4.44444
0.888889
0.888889
       5
       1
   1.001
Res(SV_i) = 
         0
         0
         0
  0.722222
 0.0925926
 0.0657407
  0.611111
  0.185185
  0.131481
       0.5
  0.277778
  0.197222
  0.388889
   0.37037
  0.262963
  0.277778
  0.462963
  0.328704
  0.166667
  0.555556
  0.394444
 0.0555556
  0.648148
  0.460185
-0.0555556
  0.740741
  0.535168
 -0.166667
         0
  0.001001
Jac(:,i) = 
      0
      0
      0
      0
      0
      0
      0
      0
      0
      0
      0
      0
      0
      0
      0
      0
      0
      0
      0
      0
      0
      0
      0
      0
      0
      0
9.23333
      0
      0
      1
numIterations = 1
jacobianCounter = 0
Residual is :
         0
         0
         0
  0.722222
 0.0925926
 0.0657407
  0.611111
  0.185185
  0.131481
       0.5
  0.277778
  0.197222
  0.388889
   0.37037
  0.262963
  0.277778
  0.462963
  0.328704
  0.166667
  0.555556
  0.394444
 0.0555556
  0.648148
  0.460185
-0.0555556
  0.740741
  0.525926
 -0.166667
         0
         0
Jacobian is :
       1        0        0        0        0        0        0        0        0        0        0        0        0        0        0        0        0        0        0        0        0        0        0        0        0        0        0        0        0        0
       0        1        0        0        0        0        0        0        0        0        0        0        0        0        0        0        0        0        0        0        0        0        0        0        0        0        0        0        0        0
       0        0        1        0        0        0        0        0        0        0        0        0        0        0        0        0        0        0        0        0        0        0        0        0        0        0        0        0        0        0
    -1.5        0        0      1.5       -1        0        0        0        0        0        0        0        0        0        0        0        0        0        0        0        0        0        0        0        0        0        0        0        0        0
       0  3.66667        0 0.166667 -8.16667        0        0      4.5        0        0        0        0        0        0        0        0        0        0        0        0        0        0        0        0        0        0        0        0        0        0
       0        0      4.5 0.118333        0 -9.59167        0        0  5.09167        0        0        0        0        0        0        0        0        0        0        0        0        0        0        0        0        0        0        0        0        0
       0        0        0     -1.5        0        0      1.5       -1        0        0        0        0        0        0        0        0        0        0        0        0        0        0        0        0        0        0        0        0        0        0
       0        0        0        0  2.83333        0 0.166667 -7.33333        0        0      4.5        0        0        0        0        0        0        0        0        0        0        0        0        0        0        0        0        0        0        0
       0        0        0        0        0      4.5 0.118333        0 -10.1833        0        0  5.68333        0        0        0        0        0        0        0        0        0        0        0        0        0        0        0        0        0        0
       0        0        0        0        0        0     -1.5        0        0      1.5       -1        0        0        0        0        0        0        0        0        0        0        0        0        0        0        0        0        0        0        0
       0        0        0        0        0        0        0        2        0 0.166667     -6.5        0        0      4.5        0        0        0        0        0        0        0        0        0        0        0        0        0        0        0        0
       0        0        0        0        0        0        0        0      4.5 0.118333        0  -10.775        0        0    6.275        0        0        0        0        0        0        0        0        0        0        0        0        0        0        0
       0        0        0        0        0        0        0        0        0     -1.5        0        0      1.5       -1        0        0        0        0        0        0        0        0        0        0        0        0        0        0        0        0
       0        0        0        0        0        0        0        0        0        0  1.16667        0 0.166667 -5.66667        0        0      4.5        0        0        0        0        0        0        0        0        0        0        0        0        0
       0        0        0        0        0        0        0        0        0        0        0      4.5 0.118333        0 -11.3667        0        0  6.86667        0        0        0        0        0        0        0        0        0        0        0        0
       0        0        0        0        0        0        0        0        0        0        0        0     -1.5        0        0      1.5       -1        0        0        0        0        0        0        0        0        0        0        0        0        0
       0        0        0        0        0        0        0        0        0        0        0        0        0 0.333333        0 0.166667 -4.83333        0        0      4.5        0        0        0        0        0        0        0        0        0        0
       0        0        0        0        0        0        0        0        0        0        0        0        0        0      4.5 0.118333        0 -11.9583        0        0  7.45833        0        0        0        0        0        0        0        0        0
       0        0        0        0        0        0        0        0        0        0        0        0        0        0        0     -1.5        0        0      1.5       -1        0        0        0        0        0        0        0        0        0        0
       0        0        0        0        0        0        0        0        0        0        0        0        0        0        0        0     -0.5        0 0.166667       -4        0        0      4.5        0        0        0        0        0        0        0
       0        0        0        0        0        0        0        0        0        0        0        0        0        0        0        0        0      4.5 0.118333        0   -12.55        0        0     8.05        0        0        0        0        0        0
       0        0        0        0        0        0        0        0        0        0        0        0        0        0        0        0        0        0     -1.5        0        0      1.5       -1        0        0        0        0        0        0        0
       0        0        0        0        0        0        0        0        0        0        0        0        0        0        0        0        0        0        0 -1.33333        0 0.166667 -3.16667        0        0      4.5        0        0        0        0
       0        0        0        0        0        0        0        0        0        0        0        0        0        0        0        0        0        0        0        0      4.5 0.118333        0 -13.1417        0        0  8.64167        0        0        0
       0        0        0        0        0        0        0        0        0        0        0        0        0        0        0        0        0        0        0        0        0     -1.5        0        0      1.5       -1        0        0        0        0
       0        0        0        0        0        0        0        0        0        0        0        0        0        0        0        0        0        0        0        0        0        0 -2.16667        0 0.166667 -2.33333        0        0      4.5        0
       0        0        0        0        0        0        0        0        0        0        0        0        0        0        0        0        0        0        0        0        0        0        0      4.5 0.118333        0 -13.7333        0        0  9.23333
       0        0        0        0        0        0        0        0        0        0        0        0        0        0        0        0        0        0        0        0        0        0        0        0     -1.5        0        0      1.5       -1        0
       0        0        0        0        0        0        0        0        0        0        0        0        0        0        0        0        0        0        0        0        0        0        0        0        0        0        0        0        1        0
       0        0        0        0        0        0        0        0        0        0        0        0        0        0        0        0        0        0        0        0        0        0        0        0        0        0        0        0        0        1
Correction Vector is :
-1.98204e-16
 3.57458e-17
 5.29336e-16
   -0.327223
    0.231388
    0.124822
   -0.460317
    0.411469
    0.229832
   -0.459817
    0.500751
    0.299428
   -0.388588
    0.495733
    0.326579
   -0.289427
     0.42652
    0.312773
    -0.18105
    0.329232
    0.264963
  -0.0692268
     0.22329
    0.191899
   0.0432843
    0.113211
    0.101548
    0.154395
           0
           0
numIterations = 2
jacobianCounter = 1
Residual is :
-1.98204e-16
 3.57458e-17
 5.29336e-16
 1.25344e-13
   -0.113573
  -0.0365953
 1.29452e-13
   -0.124342
  -0.0341185
-7.14984e-14
  -0.0615795
  -0.0132959
 2.75335e-14
  0.00292467
  0.00571359
 1.32117e-14
   0.0300482
   0.0147369
-2.57572e-14
    0.026421
   0.0140881
-1.62093e-14
    0.011001
  0.00666125
           0
 -0.00714704
 -0.00468114
-2.66454e-15
           0
           0
Jacobian is :
       1        0        0        0        0        0        0        0        0        0        0        0        0        0        0        0        0        0        0        0        0        0        0        0        0        0        0        0        0        0
       0        1        0        0        0        0        0        0        0        0        0        0        0        0        0        0        0        0        0        0        0        0        0        0        0        0        0        0        0        0
       0        0        1        0        0        0        0        0        0        0        0        0        0        0        0        0        0        0        0        0        0        0        0        0        0        0        0        0        0        0
    -1.5        0        0      1.5       -1        0        0        0        0        0        0        0        0        0        0        0        0        0        0        0        0        0        0        0        0        0        0        0        0        0
       0  3.66667        0 0.166667 -8.16667        0        0      4.5        0        0        0        0        0        0        0        0        0        0        0        0        0        0        0        0        0        0        0        0        0        0
       0        0      4.5 0.118333        0 -9.59167        0        0  5.09167        0        0        0        0        0        0        0        0        0        0        0        0        0        0        0        0        0        0        0        0        0
       0        0        0     -1.5        0        0      1.5       -1        0        0        0        0        0        0        0        0        0        0        0        0        0        0        0        0        0        0        0        0        0        0
       0        0        0        0  2.83333        0 0.166667 -7.33333        0        0      4.5        0        0        0        0        0        0        0        0        0        0        0        0        0        0        0        0        0        0        0
       0        0        0        0        0      4.5 0.118333        0 -10.1833        0        0  5.68333        0        0        0        0        0        0        0        0        0        0        0        0        0        0        0        0        0        0
       0        0        0        0        0        0     -1.5        0        0      1.5       -1        0        0        0        0        0        0        0        0        0        0        0        0        0        0        0        0        0        0        0
       0        0        0        0        0        0        0        2        0 0.166667     -6.5        0        0      4.5        0        0        0        0        0        0        0        0        0        0        0        0        0        0        0        0
       0        0        0        0        0        0        0        0      4.5 0.118333        0  -10.775        0        0    6.275        0        0        0        0        0        0        0        0        0        0        0        0        0        0        0
       0        0        0        0        0        0        0        0        0     -1.5        0        0      1.5       -1        0        0        0        0        0        0        0        0        0        0        0        0        0        0        0        0
       0        0        0        0        0        0        0        0        0        0  1.16667        0 0.166667 -5.66667        0        0      4.5        0        0        0        0        0        0        0        0        0        0        0        0        0
       0        0        0        0        0        0        0        0        0        0        0      4.5 0.118333        0 -11.3667        0        0  6.86667        0        0        0        0        0        0        0        0        0        0        0        0
       0        0        0        0        0        0        0        0        0        0        0        0     -1.5        0        0      1.5       -1        0        0        0        0        0        0        0        0        0        0        0        0        0
       0        0        0        0        0        0        0        0        0        0        0        0        0 0.333333        0 0.166667 -4.83333        0        0      4.5        0        0        0        0        0        0        0        0        0        0
       0        0        0        0        0        0        0        0        0        0        0        0        0        0      4.5 0.118333        0 -11.9583        0        0  7.45833        0        0        0        0        0        0        0        0        0
       0        0        0        0        0        0        0        0        0        0        0        0        0        0        0     -1.5        0        0      1.5       -1        0        0        0        0        0        0        0        0        0        0
       0        0        0        0        0        0        0        0        0        0        0        0        0        0        0        0     -0.5        0 0.166667       -4        0        0      4.5        0        0        0        0        0        0        0
       0        0        0        0        0        0        0        0        0        0        0        0        0        0        0        0        0      4.5 0.118333        0   -12.55        0        0     8.05        0        0        0        0        0        0
       0        0        0        0        0        0        0        0        0        0        0        0        0        0        0        0        0        0     -1.5        0        0      1.5       -1        0        0        0        0        0        0        0
       0        0        0        0        0        0        0        0        0        0        0        0        0        0        0        0        0        0        0 -1.33333        0 0.166667 -3.16667        0        0      4.5        0        0        0        0
       0        0        0        0        0        0        0        0        0        0        0        0        0        0        0        0        0        0        0        0      4.5 0.118333        0 -13.1417        0        0  8.64167        0        0        0
       0        0        0        0        0        0        0        0        0        0        0        0        0        0        0        0        0        0        0        0        0     -1.5        0        0      1.5       -1        0        0        0        0
       0        0        0        0        0        0        0        0        0        0        0        0        0        0        0        0        0        0        0        0        0        0 -2.16667        0 0.166667 -2.33333        0        0      4.5        0
       0        0        0        0        0        0        0        0        0        0        0        0        0        0        0        0        0        0        0        0        0        0        0      4.5 0.118333        0 -13.7333        0        0  9.23333
       0        0        0        0        0        0        0        0        0        0        0        0        0        0        0        0        0        0        0        0        0        0        0        0     -1.5        0        0      1.5       -1        0
       0        0        0        0        0        0        0        0        0        0        0        0        0        0        0        0        0        0        0        0        0        0        0        0        0        0        0        0        1        0
       0        0        0        0        0        0        0        0        0        0        0        0        0        0        0        0        0        0        0        0        0        0        0        0        0        0        0        0        0        1
Correction Vector is :
 1.96868e-16
 -5.3648e-17
-5.45214e-16
  -0.0334042
  -0.0501063
  -0.0163862
  -0.0763762
   -0.064458
  -0.0229047
   -0.105065
  -0.0430339
  -0.0204725
    -0.11569
  -0.0159365
   -0.014628
   -0.119207
 -0.00527633
 -0.00963635
   -0.123707
 -0.00674898
 -0.00670917
   -0.128957
 -0.00787496
 -0.00500447
    -0.13243
 -0.00520983
 -0.00312176
    -0.13243
           0
           0
numIterations = 3
jacobianCounter = 2
Residual is :
-1.33597e-18
-1.79022e-17
-1.58779e-17
-4.67404e-14
   0.0155105
 -0.00123226
-2.88658e-15
 -0.00907722
 -0.00705119
-8.88178e-15
  -0.0322237
 -0.00655402
 7.54952e-15
  -0.0196262
-0.000979769
 4.66294e-15
  0.00584195
  0.00479585
 4.21885e-15
    0.018726
  0.00907271
-1.93179e-14
   0.0208275
   0.0120113
 4.32987e-15
   0.0215102
   0.0140257
  3.9968e-15
           0
           0
Jacobian is :
       1        0        0        0        0        0        0        0        0        0        0        0        0        0        0        0        0        0        0        0        0        0        0        0        0        0        0        0        0        0
       0        1        0        0        0        0        0        0        0        0        0        0        0        0        0        0        0        0        0        0        0        0        0        0        0        0        0        0        0        0
       0        0        1        0        0        0        0        0        0        0        0        0        0        0        0        0        0        0        0        0        0        0        0        0        0        0        0        0        0        0
    -1.5        0        0      1.5       -1        0        0        0        0        0        0        0        0        0        0        0        0        0        0        0        0        0        0        0        0        0        0        0        0        0
       0  3.66667        0 0.166667 -8.16667        0        0      4.5        0        0        0        0        0        0        0        0        0        0        0        0        0        0        0        0        0        0        0        0        0        0
       0        0      4.5 0.118333        0 -9.59167        0        0  5.09167        0        0        0        0        0        0        0        0        0        0        0        0        0        0        0        0        0        0        0        0        0
       0        0        0     -1.5        0        0      1.5       -1        0        0        0        0        0        0        0        0        0        0        0        0        0        0        0        0        0        0        0        0        0        0
       0        0        0        0  2.83333        0 0.166667 -7.33333        0        0      4.5        0        0        0        0        0        0        0        0        0        0        0        0        0        0        0        0        0        0        0
       0        0        0        0        0      4.5 0.118333        0 -10.1833        0        0  5.68333        0        0        0        0        0        0        0        0        0        0        0        0        0        0        0        0        0        0
       0        0        0        0        0        0     -1.5        0        0      1.5       -1        0        0        0        0        0        0        0        0        0        0        0        0        0        0        0        0        0        0        0
       0        0        0        0        0        0        0        2        0 0.166667     -6.5        0        0      4.5        0        0        0        0        0        0        0        0        0        0        0        0        0        0        0        0
       0        0        0        0        0        0        0        0      4.5 0.118333        0  -10.775        0        0    6.275        0        0        0        0        0        0        0        0        0        0        0        0        0        0        0
       0        0        0        0        0        0        0        0        0     -1.5        0        0      1.5       -1        0        0        0        0        0        0        0        0        0        0        0        0        0        0        0        0
       0        0        0        0        0        0        0        0        0        0  1.16667        0 0.166667 -5.66667        0        0      4.5        0        0        0        0        0        0        0        0        0        0        0        0        0
       0        0        0        0        0        0        0        0        0        0        0      4.5 0.118333        0 -11.3667        0        0  6.86667        0        0        0        0        0        0        0        0        0        0        0        0
       0        0        0        0        0        0        0        0        0        0        0        0     -1.5        0        0      1.5       -1        0        0        0        0        0        0        0        0        0        0        0        0        0
       0        0        0        0        0        0        0        0        0        0        0        0        0 0.333333        0 0.166667 -4.83333        0        0      4.5        0        0        0        0        0        0        0        0        0        0
       0        0        0        0        0        0        0        0        0        0        0        0        0        0      4.5 0.118333        0 -11.9583        0        0  7.45833        0        0        0        0        0        0        0        0        0
       0        0        0        0        0        0        0        0        0        0        0        0        0        0        0     -1.5        0        0      1.5       -1        0        0        0        0        0        0        0        0        0        0
       0        0        0        0        0        0        0        0        0        0        0        0        0        0        0        0     -0.5        0 0.166667       -4        0        0      4.5        0        0        0        0        0        0        0
       0        0        0        0        0        0        0        0        0        0        0        0        0        0        0        0        0      4.5 0.118333        0   -12.55        0        0     8.05        0        0        0        0        0        0
       0        0        0        0        0        0        0        0        0        0        0        0        0        0        0        0        0        0     -1.5        0        0      1.5       -1        0        0        0        0        0        0        0
       0        0        0        0        0        0        0        0        0        0        0        0        0        0        0        0        0        0        0 -1.33333        0 0.166667 -3.16667        0        0      4.5        0        0        0        0
       0        0        0        0        0        0        0        0        0        0        0        0        0        0        0        0        0        0        0        0      4.5 0.118333        0 -13.1417        0        0  8.64167        0        0        0
       0        0        0        0        0        0        0        0        0        0        0        0        0        0        0        0        0        0        0        0        0     -1.5        0        0      1.5       -1        0        0        0        0
       0        0        0        0        0        0        0        0        0        0        0        0        0        0        0        0        0        0        0        0        0        0 -2.16667        0 0.166667 -2.33333        0        0      4.5        0
       0        0        0        0        0        0        0        0        0        0        0        0        0        0        0        0        0        0        0        0        0        0        0      4.5 0.118333        0 -13.7333        0        0  9.23333
       0        0        0        0        0        0        0        0        0        0        0        0        0        0        0        0        0        0        0        0        0        0        0        0     -1.5        0        0      1.5       -1        0
       0        0        0        0        0        0        0        0        0        0        0        0        0        0        0        0        0        0        0        0        0        0        0        0        0        0        0        0        1        0
       0        0        0        0        0        0        0        0        0        0        0        0        0        0        0        0        0        0        0        0        0        0        0        0        0        0        0        0        0        1
Correction Vector is :
 8.5891e-18
2.37483e-17
1.80769e-17
  0.0015247
 0.00228704
0.000786957
 0.00195623
0.000647305
 0.00168905
 0.00299595
 0.00155958
 0.00360326
 0.00900588
 0.00901489
 0.00596397
  0.0189896
  0.0149756
 0.00749853
  0.0279333
  0.0134156
  0.0074801
  0.0335287
 0.00839302
 0.00593213
  0.0362027
 0.00401105
 0.00327701
  0.0362027
          0
          0
numIterations = 4
jacobianCounter = 3
Residual is :
 7.25314e-18
 5.84614e-18
 2.19895e-18
 2.10942e-15
-0.000817326
-0.000185068
-2.22045e-16
  0.00180155
-0.000940073
 1.11022e-16
-0.000271393
 -0.00130739
-3.33067e-16
 -0.00524033
-0.000893964
-7.77156e-16
 -0.00515167
-0.000900057
-2.44249e-15
 -0.00349031
  -0.0016665
 4.66294e-15
 -0.00414426
 -0.00269342
-1.55431e-15
 -0.00548501
 -0.00361014
-1.33227e-15
           0
           0
Jacobian is :
       1        0        0        0        0        0        0        0        0        0        0        0        0        0        0        0        0        0        0        0        0        0        0        0        0        0        0        0        0        0
       0        1        0        0        0        0        0        0        0        0        0        0        0        0        0        0        0        0        0        0        0        0        0        0        0        0        0        0        0        0
       0        0        1        0        0        0        0        0        0        0        0        0        0        0        0        0        0        0        0        0        0        0        0        0        0        0        0        0        0        0
    -1.5        0        0      1.5       -1        0        0        0        0        0        0        0        0        0        0        0        0        0        0        0        0        0        0        0        0        0        0        0        0        0
       0  3.66667        0 0.166667 -8.16667        0        0      4.5        0        0        0        0        0        0        0        0        0        0        0        0        0        0        0        0        0        0        0        0        0        0
       0        0      4.5 0.118333        0 -9.59167        0        0  5.09167        0        0        0        0        0        0        0        0        0        0        0        0        0        0        0        0        0        0        0        0        0
       0        0        0     -1.5        0        0      1.5       -1        0        0        0        0        0        0        0        0        0        0        0        0        0        0        0        0        0        0        0        0        0        0
       0        0        0        0  2.83333        0 0.166667 -7.33333        0        0      4.5        0        0        0        0        0        0        0        0        0        0        0        0        0        0        0        0        0        0        0
       0        0        0        0        0      4.5 0.118333        0 -10.1833        0        0  5.68333        0        0        0        0        0        0        0        0        0        0        0        0        0        0        0        0        0        0
       0        0        0        0        0        0     -1.5        0        0      1.5       -1        0        0        0        0        0        0        0        0        0        0        0        0        0        0        0        0        0        0        0
       0        0        0        0        0        0        0        2        0 0.166667     -6.5        0        0      4.5        0        0        0        0        0        0        0        0        0        0        0        0        0        0        0        0
       0        0        0        0        0        0        0        0      4.5 0.118333        0  -10.775        0        0    6.275        0        0        0        0        0        0        0        0        0        0        0        0        0        0        0
       0        0        0        0        0        0        0        0        0     -1.5        0        0      1.5       -1        0        0        0        0        0        0        0        0        0        0        0        0        0        0        0        0
       0        0        0        0        0        0        0        0        0        0  1.16667        0 0.166667 -5.66667        0        0      4.5        0        0        0        0        0        0        0        0        0        0        0        0        0
       0        0        0        0        0        0        0        0        0        0        0      4.5 0.118333        0 -11.3667        0        0  6.86667        0        0        0        0        0        0        0        0        0        0        0        0
       0        0        0        0        0        0        0        0        0        0        0        0     -1.5        0        0      1.5       -1        0        0        0        0        0        0        0        0        0        0        0        0        0
       0        0        0        0        0        0        0        0        0        0        0        0        0 0.333333        0 0.166667 -4.83333        0        0      4.5        0        0        0        0        0        0        0        0        0        0
       0        0        0        0        0        0        0        0        0        0        0        0        0        0      4.5 0.118333        0 -11.9583        0        0  7.45833        0        0        0        0        0        0        0        0        0
       0        0        0        0        0        0        0        0        0        0        0        0        0        0        0     -1.5        0        0      1.5       -1        0        0        0        0        0        0        0        0        0        0
       0        0        0        0        0        0        0        0        0        0        0        0        0        0        0        0     -0.5        0 0.166667       -4        0        0      4.5        0        0        0        0        0        0        0
       0        0        0        0        0        0        0        0        0        0        0        0        0        0        0        0        0      4.5 0.118333        0   -12.55        0        0     8.05        0        0        0        0        0        0
       0        0        0        0        0        0        0        0        0        0        0        0        0        0        0        0        0        0     -1.5        0        0      1.5       -1        0        0        0        0        0        0        0
       0        0        0        0        0        0        0        0        0        0        0        0        0        0        0        0        0        0        0 -1.33333        0 0.166667 -3.16667        0        0      4.5        0        0        0        0
       0        0        0        0        0        0        0        0        0        0        0        0        0        0        0        0        0        0        0        0      4.5 0.118333        0 -13.1417        0        0  8.64167        0        0        0
       0        0        0        0        0        0        0        0        0        0        0        0        0        0        0        0        0        0        0        0        0     -1.5        0        0      1.5       -1        0        0        0        0
       0        0        0        0        0        0        0        0        0        0        0        0        0        0        0        0        0        0        0        0        0        0 -2.16667        0 0.166667 -2.33333        0        0      4.5        0
       0        0        0        0        0        0        0        0        0        0        0        0        0        0        0        0        0        0        0        0        0        0        0      4.5 0.118333        0 -13.7333        0        0  9.23333
       0        0        0        0        0        0        0        0        0        0        0        0        0        0        0        0        0        0        0        0        0        0        0        0     -1.5        0        0      1.5       -1        0
       0        0        0        0        0        0        0        0        0        0        0        0        0        0        0        0        0        0        0        0        0        0        0        0        0        0        0        0        1        0
       0        0        0        0        0        0        0        0        0        0        0        0        0        0        0        0        0        0        0        0        0        0        0        0        0        0        0        0        0        1
Correction Vector is :
 -1.1997e-17
-6.95109e-18
-4.57258e-18
  -0.0023573
 -0.00353595
 -0.00178253
 -0.00645607
 -0.00614816
 -0.00326678
  -0.0117588
 -0.00795412
 -0.00414217
  -0.0172661
 -0.00826094
 -0.00433985
  -0.0216238
 -0.00653648
 -0.00404165
  -0.0245991
 -0.00446305
 -0.00339798
  -0.0266036
 -0.00300673
 -0.00246954
  -0.0276249
 -0.00153197
  -0.0013101
  -0.0276249
           0
           0
numIterations = 5
jacobianCounter = 4
Residual is :
-4.74387e-18
-1.10495e-18
-2.37363e-18
-3.33067e-15
  0.00126807
 0.000321841
-3.33067e-16
   0.0005315
-3.85808e-06
-5.55112e-16
-0.000414767
-0.000322002
 9.99201e-16
-0.000529046
-2.89048e-05
 7.77156e-16
 0.000642049
 0.000752113
 9.99201e-16
  0.00276424
  0.00161199
-3.88578e-15
   0.0040552
  0.00234561
 9.99201e-16
   0.0044543
  0.00287975
 1.33227e-15
           0
           0
Jacobian is :
       1        0        0        0        0        0        0        0        0        0        0        0        0        0        0        0        0        0        0        0        0        0        0        0        0        0        0        0        0        0
       0        1        0        0        0        0        0        0        0        0        0        0        0        0        0        0        0        0        0        0        0        0        0        0        0        0        0        0        0        0
       0        0        1        0        0        0        0        0        0        0        0        0        0        0        0        0        0        0        0        0        0        0        0        0        0        0        0        0        0        0
    -1.5        0        0      1.5       -1        0        0        0        0        0        0        0        0        0        0        0        0        0        0        0        0        0        0        0        0        0        0        0        0        0
       0  3.66667        0 0.166667 -8.16667        0        0      4.5        0        0        0        0        0        0        0        0        0        0        0        0        0        0        0        0        0        0        0        0        0        0
       0        0      4.5 0.118333        0 -9.59167        0        0  5.09167        0        0        0        0        0        0        0        0        0        0        0        0        0        0        0        0        0        0        0        0        0
       0        0        0     -1.5        0        0      1.5       -1        0        0        0        0        0        0        0        0        0        0        0        0        0        0        0        0        0        0        0        0        0        0
       0        0        0        0  2.83333        0 0.166667 -7.33333        0        0      4.5        0        0        0        0        0        0        0        0        0        0        0        0        0        0        0        0        0        0        0
       0        0        0        0        0      4.5 0.118333        0 -10.1833        0        0  5.68333        0        0        0        0        0        0        0        0        0        0        0        0        0        0        0        0        0        0
       0        0        0        0        0        0     -1.5        0        0      1.5       -1        0        0        0        0        0        0        0        0        0        0        0        0        0        0        0        0        0        0        0
       0        0        0        0        0        0        0        2        0 0.166667     -6.5        0        0      4.5        0        0        0        0        0        0        0        0        0        0        0        0        0        0        0        0
       0        0        0        0        0        0        0        0      4.5 0.118333        0  -10.775        0        0    6.275        0        0        0        0        0        0        0        0        0        0        0        0        0        0        0
       0        0        0        0        0        0        0        0        0     -1.5        0        0      1.5       -1        0        0        0        0        0        0        0        0        0        0        0        0        0        0        0        0
       0        0        0        0        0        0        0        0        0        0  1.16667        0 0.166667 -5.66667        0        0      4.5        0        0        0        0        0        0        0        0        0        0        0        0        0
       0        0        0        0        0        0        0        0        0        0        0      4.5 0.118333        0 -11.3667        0        0  6.86667        0        0        0        0        0        0        0        0        0        0        0        0
       0        0        0        0        0        0        0        0        0        0        0        0     -1.5        0        0      1.5       -1        0        0        0        0        0        0        0        0        0        0        0        0        0
       0        0        0        0        0        0        0        0        0        0        0        0        0 0.333333        0 0.166667 -4.83333        0        0      4.5        0        0        0        0        0        0        0        0        0        0
       0        0        0        0        0        0        0        0        0        0        0        0        0        0      4.5 0.118333        0 -11.9583        0        0  7.45833        0        0        0        0        0        0        0        0        0
       0        0        0        0        0        0        0        0        0        0        0        0        0        0        0     -1.5        0        0      1.5       -1        0        0        0        0        0        0        0        0        0        0
       0        0        0        0        0        0        0        0        0        0        0        0        0        0        0        0     -0.5        0 0.166667       -4        0        0      4.5        0        0        0        0        0        0        0
       0        0        0        0        0        0        0        0        0        0        0        0        0        0        0        0        0      4.5 0.118333        0   -12.55        0        0     8.05        0        0        0        0        0        0
       0        0        0        0        0        0        0        0        0        0        0        0        0        0        0        0        0        0     -1.5        0        0      1.5       -1        0        0        0        0        0        0        0
       0        0        0        0        0        0        0        0        0        0        0        0        0        0        0        0        0        0        0 -1.33333        0 0.166667 -3.16667        0        0      4.5        0        0        0        0
       0        0        0        0        0        0        0        0        0        0        0        0        0        0        0        0        0        0        0        0      4.5 0.118333        0 -13.1417        0        0  8.64167        0        0        0
       0        0        0        0        0        0        0        0        0        0        0        0        0        0        0        0        0        0        0        0        0     -1.5        0        0      1.5       -1        0        0        0        0
       0        0        0        0        0        0        0        0        0        0        0        0        0        0        0        0        0        0        0        0        0        0 -2.16667        0 0.166667 -2.33333        0        0      4.5        0
       0        0        0        0        0        0        0        0        0        0        0        0        0        0        0        0        0        0        0        0        0        0        0      4.5 0.118333        0 -13.7333        0        0  9.23333
       0        0        0        0        0        0        0        0        0        0        0        0        0        0        0        0        0        0        0        0        0        0        0        0     -1.5        0        0      1.5       -1        0
       0        0        0        0        0        0        0        0        0        0        0        0        0        0        0        0        0        0        0        0        0        0        0        0        0        0        0        0        1        0
       0        0        0        0        0        0        0        0        0        0        0        0        0        0        0        0        0        0        0        0        0        0        0        0        0        0        0        0        0        1
Correction Vector is :
6.79984e-18
1.78465e-18
3.57091e-18
 0.00131892
 0.00197837
0.000902531
 0.00349207
 0.00325974
 0.00160632
 0.00603813
 0.00381908
 0.00209155
 0.00866227
 0.00393621
 0.00237697
  0.0111711
 0.00376332
 0.00241894
  0.0133005
 0.00319409
 0.00216619
  0.0147342
 0.00215045
 0.00162914
  0.0154094
 0.00101281
0.000876285
  0.0154094
          0
          0
numIterations = 6
jacobianCounter = 5
Residual is :
 2.05597e-18
 6.79703e-19
 1.19728e-18
 1.88738e-15
-0.000712567
-0.000132411
 2.22045e-16
 -0.00018765
-6.12466e-06
 3.33067e-16
 0.000518357
 5.35523e-05
-5.55112e-16
 0.000291246
-8.69349e-05
-6.66134e-16
 -0.00074862
-0.000418844
-6.66134e-16
  -0.0017141
 -0.00085479
 2.44249e-15
  -0.0021688
 -0.00127017
-8.88178e-16
 -0.00243878
 -0.00158674
           0
           0
           0
Jacobian is :
       1        0        0        0        0        0        0        0        0        0        0        0        0        0        0        0        0        0        0        0        0        0        0        0        0        0        0        0        0        0
       0        1        0        0        0        0        0        0        0        0        0        0        0        0        0        0        0        0        0        0        0        0        0        0        0        0        0        0        0        0
       0        0        1        0        0        0        0        0        0        0        0        0        0        0        0        0        0        0        0        0        0        0        0        0        0        0        0        0        0        0
    -1.5        0        0      1.5       -1        0        0        0        0        0        0        0        0        0        0        0        0        0        0        0        0        0        0        0        0        0        0        0        0        0
       0  3.66667        0 0.166667 -8.16667        0        0      4.5        0        0        0        0        0        0        0        0        0        0        0        0        0        0        0        0        0        0        0        0        0        0
       0        0      4.5 0.118333        0 -9.59167        0        0  5.09167        0        0        0        0        0        0        0        0        0        0        0        0        0        0        0        0        0        0        0        0        0
       0        0        0     -1.5        0        0      1.5       -1        0        0        0        0        0        0        0        0        0        0        0        0        0        0        0        0        0        0        0        0        0        0
       0        0        0        0  2.83333        0 0.166667 -7.33333        0        0      4.5        0        0        0        0        0        0        0        0        0        0        0        0        0        0        0        0        0        0        0
       0        0        0        0        0      4.5 0.118333        0 -10.1833        0        0  5.68333        0        0        0        0        0        0        0        0        0        0        0        0        0        0        0        0        0        0
       0        0        0        0        0        0     -1.5        0        0      1.5       -1        0        0        0        0        0        0        0        0        0        0        0        0        0        0        0        0        0        0        0
       0        0        0        0        0        0        0        2        0 0.166667     -6.5        0        0      4.5        0        0        0        0        0        0        0        0        0        0        0        0        0        0        0        0
       0        0        0        0        0        0        0        0      4.5 0.118333        0  -10.775        0        0    6.275        0        0        0        0        0        0        0        0        0        0        0        0        0        0        0
       0        0        0        0        0        0        0        0        0     -1.5        0        0      1.5       -1        0        0        0        0        0        0        0        0        0        0        0        0        0        0        0        0
       0        0        0        0        0        0        0        0        0        0  1.16667        0 0.166667 -5.66667        0        0      4.5        0        0        0        0        0        0        0        0        0        0        0        0        0
       0        0        0        0        0        0        0        0        0        0        0      4.5 0.118333        0 -11.3667        0        0  6.86667        0        0        0        0        0        0        0        0        0        0        0        0
       0        0        0        0        0        0        0        0        0        0        0        0     -1.5        0        0      1.5       -1        0        0        0        0        0        0        0        0        0        0        0        0        0
       0        0        0        0        0        0        0        0        0        0        0        0        0 0.333333        0 0.166667 -4.83333        0        0      4.5        0        0        0        0        0        0        0        0        0        0
       0        0        0        0        0        0        0        0        0        0        0        0        0        0      4.5 0.118333        0 -11.9583        0        0  7.45833        0        0        0        0        0        0        0        0        0
       0        0        0        0        0        0        0        0        0        0        0        0        0        0        0     -1.5        0        0      1.5       -1        0        0        0        0        0        0        0        0        0        0
       0        0        0        0        0        0        0        0        0        0        0        0        0        0        0        0     -0.5        0 0.166667       -4        0        0      4.5        0        0        0        0        0        0        0
       0        0        0        0        0        0        0        0        0        0        0        0        0        0        0        0        0      4.5 0.118333        0   -12.55        0        0     8.05        0        0        0        0        0        0
       0        0        0        0        0        0        0        0        0        0        0        0        0        0        0        0        0        0     -1.5        0        0      1.5       -1        0        0        0        0        0        0        0
       0        0        0        0        0        0        0        0        0        0        0        0        0        0        0        0        0        0        0 -1.33333        0 0.166667 -3.16667        0        0      4.5        0        0        0        0
       0        0        0        0        0        0        0        0        0        0        0        0        0        0        0        0        0        0        0        0      4.5 0.118333        0 -13.1417        0        0  8.64167        0        0        0
       0        0        0        0        0        0        0        0        0        0        0        0        0        0        0        0        0        0        0        0        0     -1.5        0        0      1.5       -1        0        0        0        0
       0        0        0        0        0        0        0        0        0        0        0        0        0        0        0        0        0        0        0        0        0        0 -2.16667        0 0.166667 -2.33333        0        0      4.5        0
       0        0        0        0        0        0        0        0        0        0        0        0        0        0        0        0        0        0        0        0        0        0        0      4.5 0.118333        0 -13.7333        0        0  9.23333
       0        0        0        0        0        0        0        0        0        0        0        0        0        0        0        0        0        0        0        0        0        0        0        0     -1.5        0        0      1.5       -1        0
       0        0        0        0        0        0        0        0        0        0        0        0        0        0        0        0        0        0        0        0        0        0        0        0        0        0        0        0        1        0
       0        0        0        0        0        0        0        0        0        0        0        0        0        0        0        0        0        0        0        0        0        0        0        0        0        0        0        0        0        1
Correction Vector is :
-3.26002e-18
-1.15641e-18
-1.91188e-18
-0.000733979
 -0.00110097
-0.000517342
 -0.00194233
 -0.00181252
-0.000931503
 -0.00337359
  -0.0021469
 -0.00121791
 -0.00489743
 -0.00228575
 -0.00136822
 -0.00636749
 -0.00220509
 -0.00136967
 -0.00756543
 -0.00179692
 -0.00121335
 -0.00835287
 -0.00118116
 -0.00090858
 -0.00873439
-0.000572285
-0.000488514
 -0.00873439
           0
           0
numIterations = 7
jacobianCounter = 6
Residual is :
-1.20405e-18
-4.76708e-19
-7.14595e-19
-1.05471e-15
 0.000395579
 8.20903e-05
-1.11022e-16
  0.00010178
  1.2457e-05
-2.22045e-16
-0.000272135
-3.59426e-05
 3.33067e-16
-0.000109608
 3.69789e-05
 1.11022e-16
 0.000438321
 0.000234176
 3.33067e-16
 0.000940349
 0.000488298
-8.88178e-16
  0.00122848
 0.000724289
 1.11022e-16
   0.0013928
 0.000903577
           0
           0
           0
Jacobian is :
       1        0        0        0        0        0        0        0        0        0        0        0        0        0        0        0        0        0        0        0        0        0        0        0        0        0        0        0        0        0
       0        1        0        0        0        0        0        0        0        0        0        0        0        0        0        0        0        0        0        0        0        0        0        0        0        0        0        0        0        0
       0        0        1        0        0        0        0        0        0        0        0        0        0        0        0        0        0        0        0        0        0        0        0        0        0        0        0        0        0        0
    -1.5        0        0      1.5       -1        0        0        0        0        0        0        0        0        0        0        0        0        0        0        0        0        0        0        0        0        0        0        0        0        0
       0  3.66667        0 0.166667 -8.16667        0        0      4.5        0        0        0        0        0        0        0        0        0        0        0        0        0        0        0        0        0        0        0        0        0        0
       0        0      4.5 0.118333        0 -9.59167        0        0  5.09167        0        0        0        0        0        0        0        0        0        0        0        0        0        0        0        0        0        0        0        0        0
       0        0        0     -1.5        0        0      1.5       -1        0        0        0        0        0        0        0        0        0        0        0        0        0        0        0        0        0        0        0        0        0        0
       0        0        0        0  2.83333        0 0.166667 -7.33333        0        0      4.5        0        0        0        0        0        0        0        0        0        0        0        0        0        0        0        0        0        0        0
       0        0        0        0        0      4.5 0.118333        0 -10.1833        0        0  5.68333        0        0        0        0        0        0        0        0        0        0        0        0        0        0        0        0        0        0
       0        0        0        0        0        0     -1.5        0        0      1.5       -1        0        0        0        0        0        0        0        0        0        0        0        0        0        0        0        0        0        0        0
       0        0        0        0        0        0        0        2        0 0.166667     -6.5        0        0      4.5        0        0        0        0        0        0        0        0        0        0        0        0        0        0        0        0
       0        0        0        0        0        0        0        0      4.5 0.118333        0  -10.775        0        0    6.275        0        0        0        0        0        0        0        0        0        0        0        0        0        0        0
       0        0        0        0        0        0        0        0        0     -1.5        0        0      1.5       -1        0        0        0        0        0        0        0        0        0        0        0        0        0        0        0        0
       0        0        0        0        0        0        0        0        0        0  1.16667        0 0.166667 -5.66667        0        0      4.5        0        0        0        0        0        0        0        0        0        0        0        0        0
       0        0        0        0        0        0        0        0        0        0        0      4.5 0.118333        0 -11.3667        0        0  6.86667        0        0        0        0        0        0        0        0        0        0        0        0
       0        0        0        0        0        0        0        0        0        0        0        0     -1.5        0        0      1.5       -1        0        0        0        0        0        0        0        0        0        0        0        0        0
       0        0        0        0        0        0        0        0        0        0        0        0        0 0.333333        0 0.166667 -4.83333        0        0      4.5        0        0        0        0        0        0        0        0        0        0
       0        0        0        0        0        0        0        0        0        0        0        0        0        0      4.5 0.118333        0 -11.9583        0        0  7.45833        0        0        0        0        0        0        0        0        0
       0        0        0        0        0        0        0        0        0        0        0        0        0        0        0     -1.5        0        0      1.5       -1        0        0        0        0        0        0        0        0        0        0
       0        0        0        0        0        0        0        0        0        0        0        0        0        0        0        0     -0.5        0 0.166667       -4        0        0      4.5        0        0        0        0        0        0        0
       0        0        0        0        0        0        0        0        0        0        0        0        0        0        0        0        0      4.5 0.118333        0   -12.55        0        0     8.05        0        0        0        0        0        0
       0        0        0        0        0        0        0        0        0        0        0        0        0        0        0        0        0        0     -1.5        0        0      1.5       -1        0        0        0        0        0        0        0
       0        0        0        0        0        0        0        0        0        0        0        0        0        0        0        0        0        0        0 -1.33333        0 0.166667 -3.16667        0        0      4.5        0        0        0        0
       0        0        0        0        0        0        0        0        0        0        0        0        0        0        0        0        0        0        0        0      4.5 0.118333        0 -13.1417        0        0  8.64167        0        0        0
       0        0        0        0        0        0        0        0        0        0        0        0        0        0        0        0        0        0        0        0        0     -1.5        0        0      1.5       -1        0        0        0        0
       0        0        0        0        0        0        0        0        0        0        0        0        0        0        0        0        0        0        0        0        0        0 -2.16667        0 0.166667 -2.33333        0        0      4.5        0
       0        0        0        0        0        0        0        0        0        0        0        0        0        0        0        0        0        0        0        0        0        0        0      4.5 0.118333        0 -13.7333        0        0  9.23333
       0        0        0        0        0        0        0        0        0        0        0        0        0        0        0        0        0        0        0        0        0        0        0        0     -1.5        0        0      1.5       -1        0
       0        0        0        0        0        0        0        0        0        0        0        0        0        0        0        0        0        0        0        0        0        0        0        0        0        0        0        0        1        0
       0        0        0        0        0        0        0        0        0        0        0        0        0        0        0        0        0        0        0        0        0        0        0        0        0        0        0        0        0        1
Correction Vector is :
1.90207e-18
7.41413e-19
1.11794e-18
0.000422632
0.000633948
 0.00029704
 0.00112059
 0.00104694
0.000533618
 0.00194916
 0.00124285
0.000695414
 0.00282796
  0.0013182
0.000780414
  0.0036662
 0.00125736
0.000781999
 0.00434597
 0.00101966
0.000693389
 0.00479674
0.000676144
0.000519313
 0.00501492
0.000327274
0.000279169
 0.00501492
          0
          0
The solution is :
6.98023e-19    0.195103    0.572588     1.09763     1.71628     2.37498     3.04199     3.70881     4.37557     5.04223
2.64705e-19    0.292655    0.566227     0.78757    0.927963    0.988054     1.00052     1.00022     1.00014           1
 4.0334e-19    0.219233     0.42878    0.613319    0.759808     0.86398    0.930649    0.969375    0.989949           1
